abc00001@xyz.com,A,S,Abc@1234,1,January ,2021,Abc Road,Pune,Alabama,12345,-,1234567890,Same
abc00002@xyz.com,A,S,Abc@1235,2,January ,2022,Abc Road,Pune,Alabama,12346,-,1234567891,Same
abc00003@xyz.com,A,S,Abc@1236,3,January ,2023,Abc Road,Pune,Alabama,12347,-,1234567892,Same
abc00004@xyz.com,A,S,Abc@1237,4,January ,2024,Abc Road,Pune,Alabama,12348,-,1234567893,Same
abc00005@xyz.com,A,S,Abc@1238,5,January ,2025,Abc Road,Pune,Alabama,12349,-,1234567894,Same
abc00006@xyz.com,A,S,Abc@1239,6,January ,2026,Abc Road,Pune,Alabama,12350,-,1234567895,Same
abc00007@xyz.com,A,S,Abc@1240,7,January ,2027,Abc Road,Pune,Alabama,12351,-,1234567896,Same
abc00008@xyz.com,A,S,Abc@1241,8,January ,2028,Abc Road,Pune,Alabama,12352,-,1234567897,Same
abc00009@xyz.com,A,S,Abc@1242,9,January ,2029,Abc Road,Pune,Alabama,12353,-,1234567898,Same
abc00010@xyz.com,A,S,Abc@1243,10,January ,2030,Abc Road,Pune,Alabama,12354,-,1234567899,Same
